  -41
   19
   37
  -25
 -107
  -76
   85
   -8
    5
  107
  -13
  -94
  -69
   71
    5
   71
   13
 -108
 -109
   97
  -54
   58
 -116
   81
   84
    3
 -107
  -68
   32
   21
   31
   61
   98
  102
 -108
  -17
  104
   89
  -79
  -41
  123
  126
  127
   42
  -22
   56
  -74
   29
 -114
   39
   66
  -19
   74
  117
   65
 -127
   62
 -120
  120
 -101
  -67
  106
  -83
   26
  -80
   72
   76
  -30
    9
   -5
   11
  111
  -17
   87
   59
   -7
   68
  -15
   49
   81
   23
   34
   -1
   12
   37
  -79
   37
  -98
   72
   -9
  -82
  -55
  127
   36
   74
   79
  104
  -31
   83
  123
   10
  -60
  -70
   63
  -41
   10
  -68
  -78
  -43
   96
  112
   11
  -69
   14
  -36
  109
   84
 -112
  -39
   83
  -87
    0
  127
  -69
    5
  -62
   44
   74
  -32
  -50
 -119
   12
  -88
   -9
  -38
   80
   76
  -27
   33
  -24
  -56
  -57
   36
   99
 -116
  -49
 -100
  -49
   32
  -99
